m = 1000;
b = 50;
r = 10;
Kp = 400;
Ki = 40;
