m = 1000;
b = 50;
r = 10;
Kp = 100;
Ki = 50;
